Basic system of order 4

Bc row reduced system
                   1
 1 2 3 4 5 6 7 8 9 0 1 2 3 4 5 6    7

 1 0 0 0 0-1-1-1 0-1-1-1 0-1-1-1  -20
 0 1 0 0 0 1 0 0 0 1 0 0 0 1 0 0   10
 0 0 1 0 0 0 1 0 0 0 1 0 0 0 1 0   10
 0 0 0 1 0 0 0 1 0 0 0 1 0 0 0 1   10
 0 0 0 0 1 1 1 1 0 0 0 0 0 0 0 0   10
 0 0 0 0 0 0 0 0 1 1 1 1 0 0 0 0   10
 0 0 0 0 0 0 0 0 0 0 0 0 1 1 1 1   10
 0 0 0 0 0 0 0 0 0 0 0 0 0 0 0 0    0

Step 0: matrix of latin square

 1 2 3 4    5

 0 0 0 0   10
 0 3 0 0   10
 0 0 2 0   10
 0 0 0 1   10

Step 0: matrix of LGS
                   1
 1 2 3 4 5 6 7 8 9 0 1 2 3 4 5 6    7

 1 0 0 0 0-1-1-1 0-1-1-1 0-1-1-1  -20
 0 1 0 0 0 1 0 0 0 1 0 0 0 1 0 0   10
 0 0 1 0 0 0 1 0 0 0 1 0 0 0 1 0   10
 0 0 0 1 0 0 0 1 0 0 0 1 0 0 0 1   10
 0 0 0 0 1 1 1 1 0 0 0 0 0 0 0 0   10
 0 0 0 0 0 0 0 0 1 1 1 1 0 0 0 0   10
 0 0 0 0 0 0 0 0 0 0 0 0 1 1 1 1   10
 0 0 0 0 0 1 0 0 0 0 0 0 0 0 0 0    3
 0 0 0 0 0 0 0 0 0 0 1 0 0 0 0 0    2
 0 0 0 0 0 0 0 0 0 0 0 0 0 0 0 1    1

Step 0: row reduced matrix of LGS
                   1
 1 2 3 4 5 6 7 8 9 0 1 2 3 4 5 6    7

 1 0 0 0 0 0-1-1 0-1 0-1 0-1-1 0  -14
 0 1 0 0 0 0 0 0 0 1 0 0 0 1 0 0    7
 0 0 1 0 0 0 1 0 0 0 0 0 0 0 1 0    8
 0 0 0 1 0 0 0 1 0 0 0 1 0 0 0 0    9
 0 0 0 0 1 0 1 1 0 0 0 0 0 0 0 0    7
 0 0 0 0 0 1 0 0 0 0 0 0 0 0 0 0    3
 0 0 0 0 0 0 0 0 1 1 0 1 0 0 0 0    8
 0 0 0 0 0 0 0 0 0 0 1 0 0 0 0 0    2
 0 0 0 0 0 0 0 0 0 0 0 0 1 1 1 0    9
 0 0 0 0 0 0 0 0 0 0 0 0 0 0 0 1    1


Step 1: select some possible values for row 4
Step 1: matrix of latin square

 1 2 3 4    5

 0 0 0 0   10
 0 3 0 0   10
 0 0 2 0   10
 0 4 3 1   10

Step 1: 2 vars selected; matrix of LGS
                   1
 1 2 3 4 5 6 7 8 9 0 1 2 3 4 5 6    7

 1 0 0 0 0 0-1-1 0-1 0-1 0-1-1 0  -14
 0 1 0 0 0 0 0 0 0 1 0 0 0 1 0 0    7
 0 0 1 0 0 0 1 0 0 0 0 0 0 0 1 0    8
 0 0 0 1 0 0 0 1 0 0 0 1 0 0 0 0    9
 0 0 0 0 1 0 1 1 0 0 0 0 0 0 0 0    7
 0 0 0 0 0 1 0 0 0 0 0 0 0 0 0 0    3
 0 0 0 0 0 0 0 0 1 1 0 1 0 0 0 0    8
 0 0 0 0 0 0 0 0 0 0 1 0 0 0 0 0    2
 0 0 0 0 0 0 0 0 0 0 0 0 1 1 1 0    9
 0 0 0 0 0 0 0 0 0 0 0 0 0 0 0 1    1
 0 0 0 0 0 0 0 0 0 0 0 0 0 0 1 0    3
 0 0 0 0 0 0 0 0 0 0 0 0 0 1 0 0    4

Step 1: row reduced matrix of LGS
                   1
 1 2 3 4 5 6 7 8 9 0 1 2 3 4 5 6    7

 1 0 0 0 0 0-1-1 0-1 0-1 0 0 0 0   -7
 0 1 0 0 0 0 0 0 0 1 0 0 0 0 0 0    3
 0 0 1 0 0 0 1 0 0 0 0 0 0 0 0 0    5
 0 0 0 1 0 0 0 1 0 0 0 1 0 0 0 0    9
 0 0 0 0 1 0 1 1 0 0 0 0 0 0 0 0    7
 0 0 0 0 0 1 0 0 0 0 0 0 0 0 0 0    3
 0 0 0 0 0 0 0 0 1 1 0 1 0 0 0 0    8
 0 0 0 0 0 0 0 0 0 0 1 0 0 0 0 0    2
 0 0 0 0 0 0 0 0 0 0 0 0 1 0 0 0    2
 0 0 0 0 0 0 0 0 0 0 0 0 0 1 0 0    4
 0 0 0 0 0 0 0 0 0 0 0 0 0 0 1 0    3
 0 0 0 0 0 0 0 0 0 0 0 0 0 0 0 1    1


Step 2: select some possible values for row 3
Step 2: matrix of latin square

 1 2 3 4    5

 0 0 0 0   10
 0 3 0 0   10
 0 1 2 4   10
 0 4 3 1   10

Step 2: 2 vars selected; matrix of LGS
                   1
 1 2 3 4 5 6 7 8 9 0 1 2 3 4 5 6    7

 1 0 0 0 0 0-1-1 0-1 0-1 0 0 0 0   -7
 0 1 0 0 0 0 0 0 0 1 0 0 0 0 0 0    3
 0 0 1 0 0 0 1 0 0 0 0 0 0 0 0 0    5
 0 0 0 1 0 0 0 1 0 0 0 1 0 0 0 0    9
 0 0 0 0 1 0 1 1 0 0 0 0 0 0 0 0    7
 0 0 0 0 0 1 0 0 0 0 0 0 0 0 0 0    3
 0 0 0 0 0 0 0 0 1 1 0 1 0 0 0 0    8
 0 0 0 0 0 0 0 0 0 0 1 0 0 0 0 0    2
 0 0 0 0 0 0 0 0 0 0 0 0 1 0 0 0    2
 0 0 0 0 0 0 0 0 0 0 0 0 0 1 0 0    4
 0 0 0 0 0 0 0 0 0 0 0 0 0 0 1 0    3
 0 0 0 0 0 0 0 0 0 0 0 0 0 0 0 1    1
 0 0 0 0 0 0 0 0 0 0 0 1 0 0 0 0    4
 0 0 0 0 0 0 0 0 0 1 0 0 0 0 0 0    1

Step 2: row reduced matrix of LGS
                   1
 1 2 3 4 5 6 7 8 9 0 1 2 3 4 5 6    7

 1 0 0 0 0 0-1-1 0 0 0 0 0 0 0 0   -2
 0 1 0 0 0 0 0 0 0 0 0 0 0 0 0 0    2
 0 0 1 0 0 0 1 0 0 0 0 0 0 0 0 0    5
 0 0 0 1 0 0 0 1 0 0 0 0 0 0 0 0    5
 0 0 0 0 1 0 1 1 0 0 0 0 0 0 0 0    7
 0 0 0 0 0 1 0 0 0 0 0 0 0 0 0 0    3
 0 0 0 0 0 0 0 0 1 0 0 0 0 0 0 0    3
 0 0 0 0 0 0 0 0 0 1 0 0 0 0 0 0    1
 0 0 0 0 0 0 0 0 0 0 1 0 0 0 0 0    2
 0 0 0 0 0 0 0 0 0 0 0 1 0 0 0 0    4
 0 0 0 0 0 0 0 0 0 0 0 0 1 0 0 0    2
 0 0 0 0 0 0 0 0 0 0 0 0 0 1 0 0    4
 0 0 0 0 0 0 0 0 0 0 0 0 0 0 1 0    3
 0 0 0 0 0 0 0 0 0 0 0 0 0 0 0 1    1


Step 3: select some possible values for row 2
Step 3: matrix of latin square

 1 2 3 4    5

 0 0 0 0   10
 0 3 1 2   10
 0 1 2 4   10
 0 4 3 1   10

Step 3: 2 vars selected; matrix of LGS
                   1
 1 2 3 4 5 6 7 8 9 0 1 2 3 4 5 6    7

 1 0 0 0 0 0-1-1 0 0 0 0 0 0 0 0   -2
 0 1 0 0 0 0 0 0 0 0 0 0 0 0 0 0    2
 0 0 1 0 0 0 1 0 0 0 0 0 0 0 0 0    5
 0 0 0 1 0 0 0 1 0 0 0 0 0 0 0 0    5
 0 0 0 0 1 0 1 1 0 0 0 0 0 0 0 0    7
 0 0 0 0 0 1 0 0 0 0 0 0 0 0 0 0    3
 0 0 0 0 0 0 0 0 1 0 0 0 0 0 0 0    3
 0 0 0 0 0 0 0 0 0 1 0 0 0 0 0 0    1
 0 0 0 0 0 0 0 0 0 0 1 0 0 0 0 0    2
 0 0 0 0 0 0 0 0 0 0 0 1 0 0 0 0    4
 0 0 0 0 0 0 0 0 0 0 0 0 1 0 0 0    2
 0 0 0 0 0 0 0 0 0 0 0 0 0 1 0 0    4
 0 0 0 0 0 0 0 0 0 0 0 0 0 0 1 0    3
 0 0 0 0 0 0 0 0 0 0 0 0 0 0 0 1    1
 0 0 0 0 0 0 1 0 0 0 0 0 0 0 0 0    1
 0 0 0 0 0 0 0 1 0 0 0 0 0 0 0 0    2

Step 3: row reduced matrix of LGS
                   1
 1 2 3 4 5 6 7 8 9 0 1 2 3 4 5 6    7

 1 0 0 0 0 0 0 0 0 0 0 0 0 0 0 0    1
 0 1 0 0 0 0 0 0 0 0 0 0 0 0 0 0    2
 0 0 1 0 0 0 0 0 0 0 0 0 0 0 0 0    4
 0 0 0 1 0 0 0 0 0 0 0 0 0 0 0 0    3
 0 0 0 0 1 0 0 0 0 0 0 0 0 0 0 0    4
 0 0 0 0 0 1 0 0 0 0 0 0 0 0 0 0    3
 0 0 0 0 0 0 1 0 0 0 0 0 0 0 0 0    1
 0 0 0 0 0 0 0 1 0 0 0 0 0 0 0 0    2
 0 0 0 0 0 0 0 0 1 0 0 0 0 0 0 0    3
 0 0 0 0 0 0 0 0 0 1 0 0 0 0 0 0    1
 0 0 0 0 0 0 0 0 0 0 1 0 0 0 0 0    2
 0 0 0 0 0 0 0 0 0 0 0 1 0 0 0 0    4
 0 0 0 0 0 0 0 0 0 0 0 0 1 0 0 0    2
 0 0 0 0 0 0 0 0 0 0 0 0 0 1 0 0    4
 0 0 0 0 0 0 0 0 0 0 0 0 0 0 1 0    3
 0 0 0 0 0 0 0 0 0 0 0 0 0 0 0 1    1
